14 32 15 8 38 35 34 40 39 4 11 2 26 1 3 9 12 36 24 19 31 25 10 33 22 13 37 29 30 16 6 18 28 7 23 17 20 5 21 27
9 32 2 5 30 31 6 22 33 21 1 25 27 4 18 23 15 3 7 29 14 34 8 16 28 35 12 26 40 10 39 17 36 19 13 37 11 24 38 20
3 31 37 4 6 29 2 10 40 15 12 18 30 16 25 20 23 32 21 38 36 35 19 8 14 7 27 34 9 11 17 28 1 13 24 22 33 26 39 5
13 23 27 5 40 18 33 38 9 7 3 10 14 21 25 16 39 35 31 11 1 22 36 32 34 20 26 8 28 24 4 37 29 17 15 30 19 2 6 12
33 31 3 24 35 15 36 10 20 8 30 11 32 18 26 28 13 23 40 9 1 6 2 16 29 17 21 37 27 22 4 14 25 38 5 7 39 34 12 19
4 18 29 16 7 25 5 17 27 26 11 20 22 28 40 36 33 2 1 12 8 3 24 23 6 10 38 30 21 32 13 15 34 39 37 9 31 35 19 14
28 2 30 26 19 21 20 14 18 37 9 34 36 25 33 17 6 5 10 35 29 11 8 39 4 23 7 1 22 3 24 40 15 12 16 13 31 27 38 32
36 13 35 17 11 4 27 14 16 33 2 19 7 31 23 12 38 10 24 5 34 25 22 28 8 20 9 30 26 6 29 37 1 18 15 21 3 39 40 32
25 35 20 12 10 26 36 19 28 21 18 13 4 22 32 6 1 38 5 34 29 30 40 37 27 39 8 7 17 16 23 15 14 9 3 11 24 2 33 31
32 23 3 30 5 26 16 24 21 14 34 2 38 19 36 25 28 17 12 37 20 33 6 22 40 8 29 35 7 13 31 27 1 15 18 39 4 9 11 10
14 17 29 18 13 10 6 25 40 2 15 28 4 1 26 34 39 16 22 5 32 21 24 23 8 9 27 12 19 36 37 3 20 35 38 30 31 7 11 33
13 1 23 24 4 15 12 39 19 16 32 40 22 9 33 11 7 10 17 2 6 35 38 21 37 34 8 3 31 25 28 14 5 27 20 26 30 29 36 18
24 32 38 37 4 13 29 25 22 27 21 6 39 17 20 30 10 23 34 28 35 19 11 5 14 7 33 26 40 18 36 3 8 2 15 12 31 16 9 1
33 5 27 6 28 15 25 10 3 14 2 13 1 21 34 29 35 9 31 16 17 30 7 18 38 22 36 20 11 26 23 4 19 39 8 24 40 37 32 12
24 5 25 13 8 40 2 12 17 29 19 11 39 37 31 18 30 10 1 26 4 27 16 36 34 35 22 32 33 21 38 28 6 9 20 7 3 15 14 23
20 24 16 39 6 17 13 32 40 1 10 11 9 7 14 25 38 22 19 23 31 4 2 12 8 5 21 29 35 27 30 34 18 26 3 36 37 15 33 28
33 6 17 14 23 37 1 15 30 36 27 20 31 21 34 12 10 40 32 11 22 7 5 18 29 3 39 26 25 38 16 28 24 13 8 19 2 9 35 4
29 3 27 16 28 22 15 34 31 23 33 32 12 13 5 35 6 2 18 19 20 26 17 9 10 1 21 37 24 7 39 40 25 38 14 8 36 11 4 30
17 19 33 8 6 3 32 1 26 31 13 27 12 7 37 15 25 30 28 4 20 14 35 5 23 10 21 36 24 40 38 9 34 18 39 16 2 29 22 11
6 30 22 37 5 17 7 33 34 21 27 12 16 29 39 20 2 36 24 10 9 11 35 8 28 40 13 14 26 1 23 18 19 31 15 38 25 3 32 4
29 26 32 12 5 16 27 21 11 17 37 2 9 1 14 4 36 20 8 35 33 6 39 25 3 23 30 15 18 10 7 38 31 34 28 22 13 24 19 40
11 5 34 37 20 14 22 9 30 7 23 29 18 32 39 6 19 21 27 36 33 1 24 3 31 10 25 26 4 12 38 15 2 16 40 28 8 35 17 13
7 23 39 9 36 40 20 6 4 38 21 2 32 27 26 30 13 31 25 8 17 3 11 16 5 15 10 34 37 24 35 12 29 19 18 1 14 22 33 28
33 8 20 26 18 12 35 11 2 32 29 38 16 19 37 3 5 27 34 14 30 28 9 31 23 40 15 7 25 22 6 13 36 1 21 10 17 39 24 4
10 40 18 8 2 32 22 13 21 19 15 31 26 1 38 11 29 39 20 33 12 16 5 28 9 24 14 4 30 6 36 37 27 23 25 34 17 7 3 35
33 30 17 36 13 23 39 18 2 8 24 28 38 19 10 27 3 12 14 32 5 37 6 11 25 4 16 29 35 34 15 26 1 22 21 40 9 20 31 7
37 29 19 26 3 24 33 18 34 20 15 13 31 38 16 27 39 7 5 6 30 36 2 28 32 8 25 22 17 1 14 11 4 12 9 10 35 21 40 23
36 40 14 34 16 7 10 6 15 22 17 4 32 39 23 33 31 26 24 28 20 2 9 5 30 18 37 21 35 38 1 13 11 27 8 19 25 12 29 3
10 19 26 7 35 37 20 18 21 16 3 22 25 1 9 8 6 17 34 23 11 32 24 5 4 31 2 39 36 13 14 27 40 12 38 33 30 28 29 15
40 32 20 15 27 36 23 10 18 17 26 31 19 39 38 13 8 28 3 2 29 5 9 37 14 11 22 4 30 16 34 21 35 1 33 24 12 7 6 25